{
  "matrix": [
    [
      0.0,
      56.941603167751474,
      2.8072605052740984,
      94.51557945253968,
      164.4485027494909,
      25.061534945794868,
      -57.82182890379399,
      -10.801272446894975,
      -67.33834081250625,
      -42.470215692936144,
      24.479791815238734,
      140.36282186852793,
      11.610615074216986,
      96.91748647659773,
      -115.28493454436719,
      -71.6820068772819,
      -20.04131653810754,
      29.20932281850162
    ],
    [
      56.941603167751474,
      0.0,
      -4.212965911593107,
      184.45390708068578,
      164.73296298036388,
      92.3357282395964,
      -111.76838882745741,
      156.58698091689735,
      60.77550269497694,
      72.2516477530789,
      -50.63372014909652,
      116.51506062707301,
      266.70722318377716,
      234.845819584854,
      37.68625814968125,
      212.2744051218201,
      69.05886587991169,
      112.34326508102772
    ],
    [
      2.8072605052740984,
      -4.212965911593107,
      0.0,
      7.778973307103692,
      156.8731279888429,
      64.85645995336147,
      -165.37833437583427,
      1.8273502800487051,
      -173.20506935038998,
      -78.18088133732451,
      -210.62018161153134,
      122.9544765505982,
      186.17418671152996,
      56.46749077214456,
      -146.85326567461001,
      -124.92416096076863,
      -35.031378059346096,
      8.044384510080258
    ],
    [
      94.51557945253968,
      184.45390708068578,
      7.778973307103692,
      0.0,
      110.89706101605277,
      10.403959534446164,
      5.681707999119482,
      65.44991952159066,
      -58.273632415748,
      -59.72430705300652,
      13.744905850206687,
      180.97246100893355,
      229.09144950355795,
      89.76955681696288,
      -76.83120945258375,
      106.66390078367877,
      122.32491179001313,
      87.71706141106475
    ],
    [
      164.4485027494909,
      164.73296298036388,
      156.8731279888429,
      110.89706101605277,
      0.0,
      -1.6992470530728838,
      -81.5133617406417,
      -85.10267407651968,
      19.052340303685153,
      151.59602751792957,
      -20.355059520273432,
      75.84206696536152,
      135.263079902874,
      104.5589766990795,
      -119.81611892590224,
      200.91997774571422,
      -33.30177641826066,
      120.26093105983473
    ],
    [
      25.061534945794868,
      92.3357282395964,
      64.85645995336147,
      10.403959534446164,
      -1.6992470530728838,
      0.0,
      -176.33651481633177,
      -124.70850254172888,
      -110.51128130871993,
      100.11863676626736,
      -292.63238119350723,
      116.62142020956215,
      183.1453396663986,
      174.29783145336702,
      -90.77126572693992,
      27.423165098353252,
      -66.31266184994662,
      -51.47636018113078
    ],
    [
      -57.82182890379399,
      -111.76838882745741,
      -165.37833437583427,
      5.681707999119482,
      -81.5133617406417,
      -176.33651481633177,
      0.0,
      -176.93195898370908,
      -111.4519900146685,
      -158.76385712077735,
      -200.75211406011704,
      -98.79197610709642,
      16.83439401180242,
      -107.23212028297789,
      -186.3871635037322,
      73.10780937303029,
      -69.73603546621764,
      -10.864302958914266
    ],
    [
      -10.801272446894975,
      156.58698091689735,
      1.8273502800487051,
      65.44991952159066,
      -85.10267407651968,
      -124.70850254172888,
      -176.93195898370908,
      0.0,
      -149.64088753671973,
      86.8022490455432,
      -170.98802182027657,
      -96.1577731858925,
      106.17016236787381,
      82.95115271366856,
      -98.56205213585875,
      95.6946800987694,
      -48.45145703794417,
      -10.723032331513044
    ],
    [
      -67.33834081250625,
      60.77550269497694,
      -173.20506935038998,
      -58.273632415748,
      19.052340303685153,
      -110.51128130871993,
      -111.4519900146685,
      -149.64088753671973,
      0.0,
      -150.78514086616593,
      -215.83735840288188,
      -116.45149326949581,
      155.880280337682,
      168.21392838782134,
      -159.46696340972977,
      -77.2591721867546,
      -12.61121830447639,
      -119.12520337154652
    ],
    [
      -42.470215692936144,
      72.2516477530789,
      -78.18088133732451,
      -59.72430705300652,
      151.59602751792957,
      100.11863676626736,
      -158.76385712077735,
      86.8022490455432,
      -150.78514086616593,
      0.0,
      -234.1044388149233,
      40.73985347056705,
      246.23868635942594,
      133.1706266097696,
      -125.70351875217511,
      32.38815613997836,
      22.758751995106696,
      89.49161234871511
    ],
    [
      24.479791815238734,
      -50.63372014909652,
      -210.62018161153134,
      13.744905850206687,
      -20.355059520273432,
      -292.63238119350723,
      -200.75211406011704,
      -170.98802182027657,
      -215.83735840288188,
      -234.1044388149233,
      0.0,
      -23.64029800812667,
      -116.77758447599797,
      24.849810593558708,
      -249.5487071663788,
      -128.32338130177075,
      -43.32475754933733,
      -196.3450657629706
    ],
    [
      140.36282186852793,
      116.51506062707301,
      122.9544765505982,
      180.97246100893355,
      75.84206696536152,
      116.62142020956215,
      -98.79197610709642,
      -96.1577731858925,
      -116.45149326949581,
      40.73985347056705,
      -23.64029800812667,
      0.0,
      220.26396501079049,
      180.84131935180994,
      -26.223670389660004,
      114.78462517940689,
      158.72335984916165,
      159.1305211746939
    ],
    [
      11.610615074216986,
      266.70722318377716,
      186.17418671152996,
      229.09144950355795,
      135.263079902874,
      183.1453396663986,
      16.83439401180242,
      106.17016236787381,
      155.880280337682,
      246.23868635942594,
      -116.77758447599797,
      220.26396501079049,
      0.0,
      276.6838198844363,
      97.45021236716653,
      249.0697588281761,
      121.24429686191858,
      223.870728726374
    ],
    [
      96.91748647659773,
      234.845819584854,
      56.46749077214456,
      89.76955681696288,
      104.5589766990795,
      174.29783145336702,
      -107.23212028297789,
      82.95115271366856,
      168.21392838782134,
      133.1706266097696,
      24.849810593558708,
      180.84131935180994,
      276.6838198844363,
      0.0,
      30.307765537847764,
      194.85442161093547,
      148.43215105991294,
      119.99771002889027
    ],
    [
      -115.28493454436719,
      37.68625814968125,
      -146.85326567461001,
      -76.83120945258375,
      -119.81611892590224,
      -90.77126572693992,
      -186.3871635037322,
      -98.56205213585875,
      -159.46696340972977,
      -125.70351875217511,
      -249.5487071663788,
      -26.223670389660004,
      97.45021236716653,
      30.307765537847764,
      0.0,
      11.217083198658418,
      1.4960049518345329,
      -5.639486035727453
    ],
    [
      -71.6820068772819,
      212.2744051218201,
      -124.92416096076863,
      106.66390078367877,
      200.91997774571422,
      27.423165098353252,
      73.10780937303029,
      95.6946800987694,
      -77.2591721867546,
      32.38815613997836,
      -128.32338130177075,
      114.78462517940689,
      249.0697588281761,
      194.85442161093547,
      11.217083198658418,
      0.0,
      147.0105065154004,
      192.45272494815197
    ],
    [
      -20.04131653810754,
      69.05886587991169,
      -35.031378059346096,
      122.32491179001313,
      -33.30177641826066,
      -66.31266184994662,
      -69.73603546621764,
      -48.45145703794417,
      -12.61121830447639,
      22.758751995106696,
      -43.32475754933733,
      158.72335984916165,
      121.24429686191858,
      148.43215105991294,
      1.4960049518345329,
      147.0105065154004,
      0.0,
      47.47977820804023
    ],
    [
      29.20932281850162,
      112.34326508102772,
      8.044384510080258,
      87.71706141106475,
      120.26093105983473,
      -51.47636018113078,
      -10.864302958914266,
      -10.723032331513044,
      -119.12520337154652,
      89.49161234871511,
      -196.3450657629706,
      159.1305211746939,
      223.870728726374,
      119.99771002889027,
      -5.639486035727453,
      192.45272494815197,
      47.47977820804023,
      0.0
    ]
  ],
  "top_pairs": [
    {
      "gene_i": 5,
      "gene_j": 10,
      "strength": 292.63238119350723
    },
    {
      "gene_i": 12,
      "gene_j": 13,
      "strength": 276.6838198844363
    },
    {
      "gene_i": 1,
      "gene_j": 12,
      "strength": 266.70722318377716
    },
    {
      "gene_i": 10,
      "gene_j": 14,
      "strength": 249.5487071663788
    },
    {
      "gene_i": 12,
      "gene_j": 15,
      "strength": 249.0697588281761
    },
    {
      "gene_i": 9,
      "gene_j": 12,
      "strength": 246.23868635942594
    },
    {
      "gene_i": 1,
      "gene_j": 13,
      "strength": 234.845819584854
    },
    {
      "gene_i": 9,
      "gene_j": 10,
      "strength": 234.1044388149233
    },
    {
      "gene_i": 3,
      "gene_j": 12,
      "strength": 229.09144950355795
    },
    {
      "gene_i": 12,
      "gene_j": 17,
      "strength": 223.870728726374
    },
    {
      "gene_i": 11,
      "gene_j": 12,
      "strength": 220.26396501079049
    },
    {
      "gene_i": 8,
      "gene_j": 10,
      "strength": 215.83735840288188
    },
    {
      "gene_i": 1,
      "gene_j": 15,
      "strength": 212.2744051218201
    },
    {
      "gene_i": 2,
      "gene_j": 10,
      "strength": 210.62018161153134
    },
    {
      "gene_i": 4,
      "gene_j": 15,
      "strength": 200.91997774571422
    },
    {
      "gene_i": 6,
      "gene_j": 10,
      "strength": 200.75211406011704
    },
    {
      "gene_i": 10,
      "gene_j": 17,
      "strength": 196.3450657629706
    },
    {
      "gene_i": 13,
      "gene_j": 15,
      "strength": 194.85442161093547
    },
    {
      "gene_i": 15,
      "gene_j": 17,
      "strength": 192.45272494815197
    },
    {
      "gene_i": 6,
      "gene_j": 14,
      "strength": 186.3871635037322
    }
  ]
}